67
21 11 22 45
52 11 24 45
84 11 24 45
116 11 24 45
148 11 24 45
180 13 24 43
212 12 24 45
245 15 22 38
276 28 19 20
312 29 20 19
340 23 40 25
9 67 34 45
57 67 39 45
105 67 38 45
154 67 29 45
195 67 37 45
244 67 28 45
281 67 31 45
321 63 39 45
370 65 21 45
32 135 22 38
64 136 24 40
97 137 36 32
146 137 27 29
187 131 27 37
224 135 20 35
256 130 18 36
293 120 19 56
324 120 20 55
352 120 16 56
89 187 22 45
120 187 32 45
160 187 32 45
202 192 29 38
242 204 30 28
286 209 260 23
88 249 8 8
104 244 8 12
120 243 16 13
144 249 16 7
168 251 16 5
192 232 12 32
214 232 14 32
237 232 16 32
262 232 18 25
294 232 16 25
100 272 7 16
116 272 15 16
140 274 16 9
165 282 23 6
196 274 8 14
212 274 8 14
229 281 6 6
244 272 16 16
269 266 30 28
88 306 8 13
104 306 8 13
123 304 11 16
147 304 11 16
168 306 8 14
185 313 7 7
200 311 8 9
216 308 8 8
234 306 12 12
258 306 12 12
280 304 29 16
0 0 0 0