42
8 24 30 48
51 24 24 48
89 24 28 48
130 24 28 46
168 24 38 48
216 41 16 11
240 24 30 48
280 24 26 48
320 24 32 48
360 24 30 48
402 42 22 14
432 10 26 62
52 97 8 15
68 96 8 16
84 98 8 9
100 80 24 48
135 80 35 48
180 80 32 48
223 80 34 48
268 85 30 43
308 85 30 43
348 85 30 43
388 85 30 43
80 136 24 54
112 154 24 46
144 170 24 30
176 160 32 40
216 174 40 26
264 157 32 43
304 168 8 8
320 160 32 40
360 160 32 40
120 228 24 12
152 225 24 15
186 220 22 23
216 224 16 16
242 224 12 16
264 232 8 8
280 224 16 16
305 228 7 12
320 210 32 46
371 202 24 48