24
9 15 23 49
41 15 23 49
73 15 31 49
112 15 16 49
139 15 29 49
176 16 29 41
220 15 33 49
268 15 36 49
32 76 24 44
66 76 38 44
112 76 40 44
160 76 32 44
203 76 36 44
251 76 28 44
48 130 29 51
88 130 29 51
131 134 26 47
168 134 29 47
208 140 16 8
232 136 16 16
256 136 7 16
217 160 7 8
232 161 8 6
248 162 8 5
16 23 48
41 15 23 49
73 19 31 45
112 20 16 44
139 19 29 45
176 16 29 41
220 37 33 27
268 44 36 20
32 76 24 44
66 76 38 44
112 76 40 44
160 76 32 44
203 76 36 44
251 76 28 44
48 130 29 51
88 130 29 51
131 134 26 47
168 134 29 47
208 140 16 8
232 136 16 16
256 136 7 16
217 160 7 8
232 161 8 6
248 162 8 5